0.000000000000000000e+00
3.333333333333333148e-01
1.000000000000000000e+00
6.666666666666666297e-01
0.000000000000000000e+00
0.000000000000000000e+00
0.000000000000000000e+00
1.666666666666666574e-01
2.000000000000000111e-01
3.333333333333333148e-01
1.000000000000000000e+00
0.000000000000000000e+00
0.000000000000000000e+00
3.333333333333333148e-01
8.181818181818182323e-01
4.615384615384615641e-01
7.142857142857143016e-01
0.000000000000000000e+00
1.000000000000000000e+00
0.000000000000000000e+00
3.750000000000000000e-01
2.857142857142856984e-01
1.000000000000000000e+00
2.000000000000000111e-01
3.750000000000000000e-01
7.333333333333332815e-01
0.000000000000000000e+00
0.000000000000000000e+00
0.000000000000000000e+00
9.210526315789473450e-01
1.000000000000000000e+00
1.250000000000000000e-01
0.000000000000000000e+00
9.444444444444444198e-01
0.000000000000000000e+00
0.000000000000000000e+00
8.823529411764705621e-01
0.000000000000000000e+00
2.500000000000000000e-01
6.250000000000000000e-01
1.000000000000000000e+00
1.000000000000000000e+00
4.615384615384615641e-01
3.076923076923077094e-01
7.812500000000000000e-01
0.000000000000000000e+00
0.000000000000000000e+00
6.666666666666666297e-01
0.000000000000000000e+00
0.000000000000000000e+00
0.000000000000000000e+00
1.818181818181818232e-01
9.090909090909090606e-01
0.000000000000000000e+00
7.647058823529411242e-01
5.294117647058823595e-01
5.000000000000000000e-01
1.428571428571428492e-01
7.142857142857143016e-01
1.000000000000000000e+00
1.000000000000000000e+00
0.000000000000000000e+00
3.750000000000000000e-01
0.000000000000000000e+00
0.000000000000000000e+00
0.000000000000000000e+00
0.000000000000000000e+00
0.000000000000000000e+00
1.000000000000000000e+00
0.000000000000000000e+00
1.000000000000000000e+00
0.000000000000000000e+00
0.000000000000000000e+00
1.666666666666666574e-01
7.142857142857143016e-01
0.000000000000000000e+00
1.000000000000000000e+00
8.695652173913043237e-01
5.454545454545454142e-01
0.000000000000000000e+00
0.000000000000000000e+00
0.000000000000000000e+00
1.000000000000000000e+00
8.181818181818182323e-01
0.000000000000000000e+00
1.000000000000000000e+00
9.285714285714286031e-01
0.000000000000000000e+00
0.000000000000000000e+00
8.461538461538461453e-01
0.000000000000000000e+00
0.000000000000000000e+00
1.000000000000000000e+00
0.000000000000000000e+00
0.000000000000000000e+00
5.384615384615384359e-01
0.000000000000000000e+00
2.999999999999999889e-01
0.000000000000000000e+00
7.500000000000000000e-01
